goal 5
1st State: -1 (from -1)
1st Observation: (array([-1,  0,  1,  2,  3,  4,  5]), array([ 0.4       ,  0.11693242,  0.1257711 ,  0.08968739,  0.01036941,
        0.16323948,  0.0940002 ])) (from -1)
1st Belief: (array([-1,  0,  1,  2,  3,  4,  5]), array([ 0.4       ,  0.11693242,  0.1257711 ,  0.08968739,  0.01036941,
        0.16323948,  0.0940002 ])) (from -1)
2nd State: -1
2nd Observation (array([-1,  0,  1,  2,  3,  4,  5]), array([ 0.8       ,  0.04748427,  0.02395602,  0.03549304,  0.00865918,
        0.02664105,  0.05776644]))
(array([-1,  0,  1,  2,  3,  4,  5]), array([  9.36557740e-01,   1.62793547e-02,   8.84719576e-03,
         9.34561223e-03,   2.92052141e-04,   1.27568951e-02,
         1.59211500e-02]))
0 0.0 0.0
500 0.0425914873673 -0.0425914873673
1000 0.119679522652 -0.0770880352846
1500 0.192008525532 -0.0723290028798
2000 0.260668216039 -0.0686596905077
2500 0.342337570459 -0.0816693544196
3000 0.41498903978 -0.0726514693213
3500 0.483325944401 -0.0683369046206
4000 0.559701188309 -0.0763752439076
4500 0.620860348366 -0.0611591600578
5000 0.684459307543 -0.0635989591763
5500 0.729070705353 -0.0446113978106
6000 0.783218966791 -0.0541482614371
6500 0.825391083573 -0.042172116782
7000 0.870783138854 -0.0453920552814
7500 0.920479398944 -0.0496962600899
8000 0.967599800257 -0.0471204013132
8500 1.01270087416 -0.0451010739008
9000 1.04895648636 -0.0362556122064
9500 1.08103479002 -0.0320783036555
10000 1.12770876876 -0.046673978741
10500 1.16264115112 -0.0349323823569
11000 1.18312737186 -0.0204862207455
11500 1.20004386924 -0.016916497376
12000 1.22740414983 -0.027360280587
12500 1.24914462885 -0.0217404790192
13000 1.26595125216 -0.0168066233155
13500 1.28119038513 -0.0152391329704
14000 1.3110558223 -0.0298654371656
14500 1.33226537397 -0.0212095516725
15000 1.35172839954 -0.0194630255723
15500 1.36222258299 -0.0104941834444
16000 1.37655042577 -0.0143278427806
16500 1.39911068484 -0.0225602590686
17000 1.41808523805 -0.0189745532197
17500 1.44074546024 -0.0226602221895
18000 1.45818757618 -0.0174421159389
18500 1.47590895318 -0.0177213770012
19000 1.49505271478 -0.0191437615964
19500 1.50537577731 -0.0103230625299
20000 1.51556594445 -0.0101901671426
20500 1.5311766517 -0.0156107072497
21000 1.55211435463 -0.0209377029298
21500 1.57679735001 -0.024682995376
22000 1.58753531325 -0.0107379632379
22500 1.59507437883 -0.00753906558093
23000 1.60697431388 -0.0118999350489
23500 1.61550382989 -0.00852951601331
24000 1.63683306734 -0.0213292374529
24500 1.64155310557 -0.00472003822292
25000 1.64591116348 -0.00435805791567
25500 1.65449501167 -0.00858384818543
26000 1.65303515337 0.00145985829294
26500 1.66388865634 -0.0108535029611
27000 1.67033181377 -0.00644315743311
27500 1.67560871765 -0.00527690387711
28000 1.677769577 -0.00216085935088
28500 1.69465502012 -0.0168854431239
29000 1.69550673712 -0.000851717004347
29500 1.70925794257 -0.0137512054503
30000 1.73108506467 -0.021827122092
30500 1.72241920346 0.00866586121111
31000 1.73383420277 -0.011414999314
31500 1.7408237072 -0.00698950443328
32000 1.74669449862 -0.00587079141513
32500 1.75670858011 -0.0100140814877
33000 1.76747845086 -0.0107698707583
33500 1.77788977742 -0.0104113265574
34000 1.79586150952 -0.0179717321015
34500 1.7970014601 -0.00113995057421
35000 1.80657284528 -0.00957138518115
35500 1.80881261192 -0.0022397666394
36000 1.80335139241 0.00546121950505
36500 1.80952522834 -0.00617383592484
37000 1.80420660289 0.00531862544524
37500 1.81086017278 -0.0066535698829
38000 1.8185413417 -0.00768116892609
38500 1.82721044604 -0.00866910433781
39000 1.832370908 -0.00516046196438
39500 1.83483566397 -0.00246475596398
40000 1.82050617187 0.0143294920989
40500 1.81921151866 0.00129465320939
41000 1.81581771163 0.00339380702891
41500 1.82284251817 -0.00702480653785
42000 1.83235373272 -0.00951121454822
42500 1.8386695922 -0.00631585948401
43000 1.84739807798 -0.00872848578306
43500 1.8540914009 -0.0066933229127
44000 1.86791803104 -0.0138266301402
44500 1.87705735229 -0.00913932125165
45000 1.89102482285 -0.0139674705622
45500 1.88807029554 0.00295452731172
46000 1.89510919412 -0.00703889857946
46500 1.89966030157 -0.00455110745591
47000 1.90604440015 -0.00638409857133
47500 1.91399911753 -0.00795471738721
48000 1.92101009871 -0.0070109811744
48500 1.92521040072 -0.00420030201767
49000 1.93006524398 -0.00485484326
49500 1.93440267733 -0.00433743334174
50000 1.94191195496 -0.00750927763837
50500 1.9425774256 -0.000665470633105
51000 1.95849198948 -0.0159145638864
51500 1.9649050245 -0.00641303501851
52000 1.97506641273 -0.0101613882298
52500 1.96992972239 0.00513669034604
53000 1.9779559132 -0.00802619081437
53500 1.97373437883 0.00422153437469
54000 1.97696546432 -0.00323108549829
54500 1.97703902992 -7.35655976249e-05
55000 1.98729067934 -0.010251649416
55500 1.98580595889 0.00148472044518
56000 1.98425710473 0.00154885415974
56500 1.97971981159 0.00453729314116
57000 1.98628512106 -0.0065653094715
57500 1.99959668687 -0.0133115658022
58000 2.01388375005 -0.0142870631842
58500 2.0227062896 -0.00882253954773
59000 2.02667076725 -0.00396447765416
59500 2.03464108782 -0.0079703205733
60000 2.03249002859 0.00215105923117
60500 2.03015100438 0.0023390242109
61000 2.03368566869 -0.00353466430457
61500 2.04089898344 -0.00721331475391
62000 2.04907172322 -0.00817273978203
62500 2.04838389867 0.000687824549911
63000 2.04518404026 0.00319985841097
63500 2.03864038423 0.00654365603626
64000 2.03392843308 0.00471195114163
64500 2.02741020958 0.00651822350217
65000 2.01922612383 0.00818408574929
65500 2.01402698515 0.00519913868341
66000 2.01927886896 -0.00525188380746
66500 2.01921761752 6.12514394924e-05
67000 2.01439273248 0.00482488503795
67500 2.00462177944 0.00977095304281
68000 2.01203659319 -0.00741481375135
68500 2.01116111133 0.000875481855146
69000 2.00517544914 0.00598566219192
69500 2.00047314027 0.00470230886775
70000 2.00457047423 -0.00409733395208
70500 2.00808601958 -0.0035155453595
71000 2.0054736356 0.0026123839806
71500 2.00390017273 0.00157346287716
72000 1.99925431325 0.00464585947859
72500 2.00953618935 -0.0102818760987
73000 2.00619300642 0.00334318292821
73500 2.01222442473 -0.00603141830973
74000 2.01089831032 0.00132611441131
74500 2.01548035246 -0.00458204214307
75000 2.01927079737 -0.00379044490739
75500 2.02125969511 -0.00198889773807
76000 2.00441807409 0.0168416210175
76500 2.00850180689 -0.00408373279898
77000 2.00569871528 0.0028030916112
77500 2.00841664008 -0.00271792480242
78000 2.01553801541 -0.00712137533302
78500 2.01246951062 0.00306850479518
79000 2.00508538651 0.00738412410596
79500 2.00786555732 -0.00278017080933
80000 2.01141158251 -0.00354602518959
80500 2.02477002671 -0.0133584442043
81000 2.01896599542 0.00580403129485
81500 2.02457482235 -0.00560882693125
82000 2.02608169994 -0.00150687759184
82500 2.02913854035 -0.00305684041128
83000 2.0263896046 0.00274893575134
83500 2.03298837066 -0.00659876606001
84000 2.04143896086 -0.00845059020187
84500 2.04325298287 -0.0018140220056
85000 2.04515326302 -0.00190028015495
85500 2.05630037167 -0.0111471086465
86000 2.06544939336 -0.00914902168765
86500 2.08034498902 -0.0148955956639
87000 2.08739760633 -0.00705261730777
87500 2.08511459418 0.00228301215352
88000 2.08076901909 0.00434557508355
88500 2.07308451659 0.00768450250047
89000 2.06785631155 0.00522820504035
89500 2.0702342974 -0.00237798584936
90000 2.0735315018 -0.00329720440245
90500 2.07110734058 0.00242416122445
91000 2.07591055733 -0.00480321674693
91500 2.07181560975 0.00409494757676
92000 2.06372720082 0.0080884089277
92500 2.05793983583 0.005787364991
93000 2.06066690995 -0.00272707412289
93500 2.0673211672 -0.00665425725049
94000 2.06328004583 0.00404112137798
94500 2.0653928102 -0.00211276436851
95000 2.06230110075 0.00309170944226
95500 2.05019533028 0.0121057704754
96000 2.04538404496 0.00481128531788
96500 2.0499661648 -0.00458211983735
97000 2.05504278672 -0.00507662192666
97500 2.06608164212 -0.0110388553965
98000 2.05249861543 0.0135830266881
98500 2.05632860417 -0.00382998874028
99000 2.05341524518 0.00291335899193
99500 2.04942661504 0.00398863014338
100000 2.05522038053 -0.0057937654968
100500 2.06427537794 -0.00905499740413
101000 2.0650653665 -0.000789988557183
101500 2.06846982497 -0.00340445847768
102000 2.06775354513 0.000716279842305
102500 2.0724611749 -0.00470762976483
103000 2.07116480021 0.00129637468363
103500 2.07752258407 -0.00635778385759
104000 2.08758070296 -0.0100581188918
104500 2.09121598372 -0.00363528075727
105000 2.09250649922 -0.00129051550597
105500 2.0942467144 -0.00174021517318
106000 2.08835121779 0.00589549660637
106500 2.07499079436 0.0133604234311
107000 2.08386550691 -0.00887471254533
107500 2.08749493554 -0.00362942863431
108000 2.08182805395 0.00566688158767
108500 2.07710154644 0.00472650751053
109000 2.07387764596 0.00322390048485
109500 2.08043708836 -0.0065594424012
110000 2.09389989452 -0.0134628061671
110500 2.08691353371 0.00698636081509
111000 2.07769640876 0.00921712495078
111500 2.07554039697 0.00215601178901
112000 2.07643344849 -0.000893051521818
112500 2.07479221021 0.00164123827735
113000 2.07640552482 -0.00161331460978
113500 2.07171352386 0.00469200096475
114000 2.0694113551 0.00230216876124
114500 2.07527236983 -0.00586101473384
115000 2.06977587223 0.0054964975985
115500 2.07726249045 -0.00748661821388
116000 2.07759346613 -0.000330975686563
116500 2.07992704325 -0.00233357711221
117000 2.07591367494 0.00401336830292
117500 2.07839696109 -0.00248328614292
118000 2.07686887744 0.00152808364897
118500 2.06655824217 0.0103106352715
119000 2.06963477041 -0.00307652824197
119500 2.07108514248 -0.00145037207048
120000 2.07839498097 -0.00730983849548
120500 2.0786962025 -0.000301221527053
121000 2.08405016921 -0.00535396671351
121500 2.07951667232 0.00453349689164
122000 2.07370566429 0.00581100802885
122500 2.06353108803 0.0101745762666
123000 2.05934343675 0.00418765127965
123500 2.06934350428 -0.0100000675331
124000 2.07176470777 -0.00242120349322
124500 2.07464320866 -0.00287850088427
125000 2.07739855958 -0.00275535091986
125500 2.08045345147 -0.00305489189049
126000 2.07586065856 0.00459279291319
126500 2.07940672178 -0.00354606322485
127000 2.06813680542 0.0112699163648
127500 2.06563622523 0.0025005801844
128000 2.06999152403 -0.00435529879684
128500 2.07188244516 -0.00189092113308
129000 2.07796882293 -0.00608637777228
129500 2.08557750123 -0.00760867829545
130000 2.07680101719 0.00877648403717
130500 2.08339544015 -0.00659442296341
131000 2.07541698855 0.00797845160819
131500 2.07140584112 0.0040111474302
132000 2.06001235156 0.0113934895604
132500 2.05015047703 0.00986187452162
133000 2.04261280067 0.00753767636186
133500 2.04252565515 8.71455209328e-05
134000 2.03487622565 0.00764942949889
134500 2.0230962805 0.0117799451492
135000 2.0338750076 -0.0107787270937
135500 2.02926955357 0.00460545402987
136000 2.04443649681 -0.0151669432451
136500 2.04078593855 0.00365055826205
137000 2.04279951601 -0.00201357746314
137500 2.04158925747 0.00121025854243
138000 2.03756865319 0.00402060428553
138500 2.0459164938 -0.00834784061487
139000 2.05516096223 -0.00924446843179
139500 2.06348175502 -0.00832079279049
140000 2.06150286389 0.00197889112999
140500 2.06466246674 -0.00315960284233
141000 2.06635266591 -0.00169019917569
141500 2.05641115412 0.00994151178873
142000 2.06269388717 -0.00628273304344
142500 2.0699783182 -0.00728443103432
143000 2.06741645801 0.00256186019189
143500 2.07013844824 -0.00272199023127
144000 2.07895419981 -0.0088157515668
144500 2.07256004741 0.00639415239782
145000 2.07243352558 0.000126521827747
145500 2.07500938809 -0.00257586251434
146000 2.07684907352 -0.00183968542078
146500 2.07838603886 -0.00153696534161
147000 2.07438492664 0.00400111222091
147500 2.06761085865 0.00677406798394
148000 2.07451452804 -0.00690366938433
148500 2.08053412437 -0.00601959633751
149000 2.08417231498 -0.00363819060249
149500 2.07900439774 0.0051679172391
[[[  0.00000000e+00   0.00000000e+00   0.00000000e+00]
  [  0.00000000e+00   0.00000000e+00   0.00000000e+00]
  [  0.00000000e+00   0.00000000e+00   0.00000000e+00]
  [  0.00000000e+00   0.00000000e+00   0.00000000e+00]
  [  0.00000000e+00   0.00000000e+00   0.00000000e+00]
  [  0.00000000e+00   0.00000000e+00   0.00000000e+00]
  [  0.00000000e+00   0.00000000e+00   0.00000000e+00]]

 [[ -1.11542713e-02   1.34948432e+00  -2.72263716e-01]
  [ -6.83842447e-02   1.09917159e+00  -4.85214638e-01]
  [ -2.85155276e-01   8.79891496e-01   8.16528186e-01]
  [ -2.95105096e-03   1.52416048e+00   1.96866417e+00]
  [  1.21487024e-02   8.21633101e+00   8.99913231e+00]
  [ -5.01250000e-03   3.11034985e+00  -1.64176375e-01]
  [ -5.00000000e-03   8.85382736e+00   8.99999839e+00]]

 [[ -1.66258022e-02   1.46949355e+00  -3.25902397e-01]
  [ -6.85188731e-02   1.17290788e+00  -2.72263716e-01]
  [ -5.24532693e-02   2.77955479e+00   2.91914735e+00]
  [ -1.79015648e-02   2.17863880e+00   2.84085657e+00]
  [  2.99361442e-03   8.99696664e+00   8.99990203e+00]
  [ -6.10790901e-02   2.90394200e+00  -2.18355493e-01]
  [  6.36093242e-02   8.99647868e+00   8.99999940e+00]]

 [[ -1.31918876e-02   1.32133328e+00  -2.18355493e-01]
  [ -1.20890301e-01   1.24920428e+00  -1.64176375e-01]
  [  9.96195577e-02   3.31140083e+00   3.29942891e+00]
  [  4.75359995e-02   2.68087052e+00   2.79580393e+00]
  [  7.98995006e-02   8.98373110e+00   8.98914108e+00]
  [ -2.82695020e-01   2.96402019e+00  -3.25902397e-01]
  [  1.06025595e-01   8.99790519e+00   8.99972820e+00]]

 [[ -1.08458589e-02   1.39855193e+00  -3.79272885e-01]
  [ -1.82847473e-01   1.23672409e+00  -3.25902397e-01]
  [  3.76339572e-02   3.37320941e+00   3.68430435e+00]
  [ -1.96254952e-02   2.98399430e+00   2.81896648e+00]
  [  8.25702490e-03   8.99948333e+00   8.99957901e+00]
  [ -1.52726763e-01   3.03231086e+00  -2.18355493e-01]
  [  1.25018467e-01   8.99797602e+00   8.99999187e+00]]

 [[ -9.88921788e-03   1.50621712e+00  -1.09725000e-01]
  [ -3.83665856e-01   1.40617613e+00  -1.64176375e-01]
  [  1.11197997e-02   4.15062905e+00   6.12705331e+00]
  [ -1.30709234e-01   4.52962985e+00   5.19702041e+00]
  [  4.24122433e-02   8.94466862e+00   8.98677648e+00]
  [ -6.87966434e-01   2.93192551e+00  -5.50000000e-02]
  [ -4.92353744e-02   8.97915321e+00   8.99950739e+00]]]
0.0 -1 do
0.0 0 do
0.0 1 goal
0.0 2 do
0.0 3 goal
0.0 4 do
0.0 5 goal
0.2 -1 do
0.2 0 do
0.2 1 goal
0.2 2 do
0.2 3 goal
0.2 4 do
0.2 5 goal
0.4 -1 do
0.4 0 do
0.4 1 goal
0.4 2 do
0.4 3 goal
0.4 4 do
0.4 5 goal
0.6 -1 do
0.6 0 do
0.6 1 goal
0.6 2 do
0.6 3 goal
0.6 4 do
0.6 5 goal
0.8 -1 do
0.8 0 do
0.8 1 goal
0.8 2 do
0.8 3 goal
0.8 4 do
0.8 5 goal
1.0 -1 do
1.0 0 do
1.0 1 goal
1.0 2 do
1.0 3 goal
1.0 4 do
1.0 5 goal
