goal 5
1st State: -1 (from -1)
1st Observation: (array([ 0,  1,  2,  3,  4,  5, -1]), array([ 0.07608259,  0.06098028,  0.06075112,  0.18744301,  0.16381839,
        0.0509246 ,  0.4       ])) (from -1)
1st Belief: (array([ 0,  1,  2,  3,  4,  5, -1]), array([ 0.07608259,  0.06098028,  0.06075112,  0.18744301,  0.16381839,
        0.0509246 ,  0.4       ])) (from -1)
2nd State: 5
2nd Observation (array([ 0,  1,  2,  3,  4,  5, -1]), array([ 0.0364282 ,  0.03292217,  0.02972675,  0.00762884,  0.04925114,
        0.8       ,  0.04404289]))
(array([ 0,  1,  2,  3,  4,  5, -1]), array([ 0.03733119,  0.02707824,  0.02437163,  0.01932587,  0.10841803,
        0.54690111,  0.23657393]))
0 0.0 0.0
500 -0.0734673838611 0.0734673838611
1000 -0.0943448403778 0.0208774565168
1500 -0.101279894133 0.00693505375508
2000 -0.079583346335 -0.0216965477979
2500 -0.0779320474986 -0.00165129883648
3000 -0.0715167229504 -0.0064153245482
3500 -0.0566125866357 -0.0149041363147
4000 -0.0537912823172 -0.00282130431849
4500 -0.0399960791218 -0.0137952031954
5000 -0.0153788237194 -0.0246172554024
5500 0.000851599977445 -0.0162304236969
6000 0.0149517880624 -0.014100188085
6500 0.0443355685241 -0.0293837804617
7000 0.0649410455971 -0.020605477073
7500 0.0867737207732 -0.0218326751761
8000 0.108392062191 -0.0216183414179
8500 0.130710627089 -0.0223185648977
9000 0.146741379551 -0.0160307524625
9500 0.162227741841 -0.0154863622893
10000 0.178799540242 -0.0165717984013
10500 0.195572593321 -0.0167730530794
11000 0.210291395495 -0.0147188021733
11500 0.233175766007 -0.0228843705123
12000 0.256081861847 -0.02290609584
12500 0.274721843933 -0.0186399820861
13000 0.290527590907 -0.0158057469739
13500 0.308578212268 -0.0180506213607
14000 0.326399126394 -0.0178209141263
14500 0.342335678602 -0.0159365522082
15000 0.349186681715 -0.00685100311285
15500 0.360788329783 -0.0116016480677
16000 0.376587224724 -0.015798894941
16500 0.385637686135 -0.00905046141164
17000 0.39102307388 -0.00538538774478
17500 0.406193790543 -0.0151707166632
18000 0.417338527361 -0.0111447368175
18500 0.428622424128 -0.0112838967668
19000 0.43894308536 -0.0103206612322
19500 0.447460438719 -0.00851735335912
20000 0.461087568959 -0.0136271302402
20500 0.471702346525 -0.0106147775656
21000 0.480175142 -0.00847279547542
21500 0.488350199946 -0.00817505794639
22000 0.493108174925 -0.00475797497853
22500 0.50448287628 -0.0113747013553
23000 0.513250139003 -0.00876726272227
23500 0.521446220663 -0.00819608166035
24000 0.529273734039 -0.00782751337561
24500 0.537314134068 -0.00804040002899
25000 0.544154655042 -0.00684052097486
25500 0.556916870413 -0.0127622153711
26000 0.565013997342 -0.00809712692878
26500 0.570922860317 -0.00590886297519
27000 0.573374320303 -0.00245145998529
27500 0.578279080652 -0.00490476034936
28000 0.581656879065 -0.00337779841334
28500 0.589211558657 -0.00755467959158
29000 0.598473762795 -0.00926220413801
29500 0.605534875719 -0.00706111292401
30000 0.611076371947 -0.00554149622786
30500 0.617793970147 -0.00671759820026
31000 0.622726338723 -0.00493236857578
31500 0.627690813404 -0.00496447468067
32000 0.631502320622 -0.00381150721834
32500 0.640023336553 -0.00852101593107
33000 0.644298541597 -0.00427520504357
33500 0.656227443921 -0.011928902324
34000 0.666634919233 -0.0104074753124
34500 0.668491100819 -0.00185618158569
35000 0.675117333501 -0.00662623268247
35500 0.678359236467 -0.00324190296556
36000 0.682508412685 -0.00414917621805
36500 0.690083117536 -0.00757470485147
37000 0.697095648062 -0.00701253052562
37500 0.704524407367 -0.00742875930534
38000 0.716231163527 -0.0117067561602
38500 0.724163286145 -0.00793212261807
39000 0.731804905965 -0.00764161981943
39500 0.744119675868 -0.0123147699027
40000 0.753768835442 -0.00964915957486
40500 0.764465864655 -0.0106970292124
41000 0.776539063997 -0.0120731993425
41500 0.789765250317 -0.0132261863199
42000 0.799742524597 -0.00997727427929
42500 0.803112215497 -0.00336969090047
43000 0.812374197918 -0.00926198242131
43500 0.822230837197 -0.0098566392787
44000 0.823004729148 -0.000773891951141
44500 0.825651080449 -0.00264635130046
45000 0.831571171461 -0.00592009101208
45500 0.836663209844 -0.00509203838319
46000 0.841673962078 -0.00501075223379
46500 0.841534712694 0.000139249383763
47000 0.851325171382 -0.00979045868773
47500 0.854731223494 -0.0034060521125
48000 0.86366096666 -0.00892974316599
48500 0.871307100872 -0.00764613421141
49000 0.881809760759 -0.0105026598878
49500 0.887149161163 -0.00533940040375
50000 0.892867782452 -0.00571862128909
50500 0.895392530136 -0.00252474768415
51000 0.898076107371 -0.00268357723433
51500 0.903398494083 -0.00532238671261
52000 0.905911996428 -0.00251350234457
52500 0.912332878267 -0.00642088183908
53000 0.917339738343 -0.00500686007651
53500 0.925378816068 -0.00803907772478
54000 0.928870827388 -0.00349201131956
54500 0.9298293327 -0.000958505312574
55000 0.932589965277 -0.00276063257701
55500 0.934336421069 -0.00174645579204
56000 0.934744782151 -0.000408361081514
56500 0.940080351738 -0.00533556958678
57000 0.946881298058 -0.00680094631983
57500 0.951351627445 -0.00447032938698
58000 0.957768881305 -0.00641725386048
58500 0.969473825199 -0.0117049438941
59000 0.969468188239 5.63696017919e-06
59500 0.972654042118 -0.00318585387873
60000 0.971190125112 0.0014639170059
60500 0.97392186415 -0.00273173903808
61000 0.972806331712 0.00111553243791
61500 0.980878710166 -0.00807237845404
62000 0.984623588047 -0.00374487788063
62500 0.980109106359 0.00451448168753
63000 0.982661450238 -0.00255234387878
63500 0.98751299887 -0.00485154863238
64000 0.989375596292 -0.00186259742163
64500 0.992162875301 -0.00278727900955
65000 0.9950098094 -0.00284693409882
65500 0.996305182967 -0.00129537356635
66000 1.00037556491 -0.004070381945
66500 1.00536978688 -0.00499422197206
67000 1.00822456584 -0.00285477895663
67500 1.01046339724 -0.00223883139982
68000 1.01173308906 -0.00126969182396
68500 1.01026927397 0.00146381509132
69000 1.01473596087 -0.00446668689431
69500 1.02025371574 -0.00551775487
70000 1.02628346324 -0.00602974750116
70500 1.02597138244 0.000312080795109
71000 1.02784114052 -0.00186975807248
71500 1.0312225112 -0.0033813706816
72000 1.03203087944 -0.000808368240974
72500 1.03642499021 -0.00439411076903
73000 1.03753839627 -0.00111340606641
73500 1.03989431369 -0.00235591741809
74000 1.04385119481 -0.00395688111741
74500 1.04746174855 -0.00361055373617
75000 1.05008713201 -0.00262538346506
75500 1.04977408994 0.000313042072498
76000 1.05153501628 -0.00176092633837
76500 1.05712199344 -0.00558697716782
77000 1.05622961426 0.000892379182533
77500 1.05722896179 -0.000999347531209
78000 1.05926442454 -0.00203546275021
78500 1.06069069345 -0.00142626890858
79000 1.06483991123 -0.00414921778145
79500 1.06820110611 -0.00336119487927
80000 1.06980278596 -0.00160167984587
80500 1.07487321659 -0.0050704306335
81000 1.08050009542 -0.00562687882799
81500 1.07699505477 0.00350504065347
82000 1.07478871456 0.00220634021025
82500 1.07451165165 0.000277062905846
83000 1.07751157567 -0.00299992402167
83500 1.07973981241 -0.00222823674275
84000 1.07961814037 0.000121672041685
84500 1.08192891644 -0.00231077606266
85000 1.08667311483 -0.0047441983993
85500 1.0869715915 -0.000298476666401
86000 1.08258194813 0.00438964336865
86500 1.08688246973 -0.00430052159317
87000 1.0865269192 0.000355550524116
87500 1.08936803897 -0.00284111976677
88000 1.09325688085 -0.00388884188653
88500 1.09433574145 -0.00107886059533
89000 1.09454065131 -0.000204909860168
89500 1.09539354824 -0.000852896930947
90000 1.0952850507 0.000108497543036
90500 1.09696640607 -0.00168135536773
91000 1.09789230131 -0.000925895246552
91500 1.09521231612 0.00267998518975
92000 1.0963751156 -0.00116279947705
92500 1.09658408546 -0.000208969856368
93000 1.0981112439 -0.00152715844681
93500 1.09443890106 0.00367234284041
94000 1.08966574632 0.0047731547382
94500 1.09114417073 -0.00147842440377
95000 1.09177617959 -0.000632008859647
95500 1.09256602195 -0.000789842365607
96000 1.09362850879 -0.0010624868405
96500 1.09733524704 -0.00370673824288
97000 1.09642248966 0.000912757373035
97500 1.10225536888 -0.0058328792149
98000 1.10169806869 0.000557300187549
98500 1.10814998882 -0.00645192013364
99000 1.10678502761 0.00136496121396
99500 1.11390227773 -0.00711725012385
100000 1.11388274262 1.95351150447e-05
100500 1.116356058 -0.00247331537741
101000 1.11307093983 0.00328511816882
101500 1.11573156052 -0.00266062069057
102000 1.11451761565 0.00121394487081
102500 1.11651548051 -0.00199786485788
103000 1.11447448085 0.00204099965438
103500 1.11820585497 -0.0037313741207
104000 1.12195062661 -0.00374477164122
104500 1.1231505658 -0.00119993918573
105000 1.12124991731 0.00190064849316
105500 1.12211749097 -0.00086757366755
106000 1.11257060852 0.00954688245723
106500 1.11468492207 -0.00211431355098
107000 1.11595516634 -0.00127024427733
107500 1.11825520925 -0.0023000429028
108000 1.11934246475 -0.00108725549821
108500 1.11989274883 -0.000550284086336
109000 1.1185258516 0.00136689723677
109500 1.11938385748 -0.00085800588923
110000 1.12151731786 -0.00213346037707
110500 1.12482131475 -0.00330399689039
111000 1.12887406968 -0.00405275492804
111500 1.13077377166 -0.00189970197895
112000 1.13149251483 -0.000718743174919
112500 1.13606963602 -0.00457712118189
113000 1.13974432244 -0.00367468641997
113500 1.13880851178 0.000935810659598
114000 1.13375089367 0.00505761810677
114500 1.13306102542 0.000689868245587
115000 1.13415521632 -0.00109419090079
115500 1.13192918177 0.00222603455113
116000 1.13402115649 -0.00209197471508
116500 1.13664265433 -0.00262149784272
117000 1.13721962445 -0.000576970118313
117500 1.1360779438 0.00114168064441
118000 1.13557549494 0.000502448868486
118500 1.13478686178 0.000788633157168
119000 1.13888836647 -0.00410150469201
119500 1.14416124683 -0.00527288035954
120000 1.14323752984 0.000923716988051
120500 1.1400010092 0.00323652064654
121000 1.1434666806 -0.00346567140061
121500 1.14413233152 -0.000665650919866
122000 1.14223854875 0.00189378276393
122500 1.14205314411 0.000185404646343
123000 1.14128188076 0.00077126334871
123500 1.14011836597 0.00116351479221
124000 1.13590966804 0.00420869792594
124500 1.13715903041 -0.00124936237375
125000 1.13964158303 -0.0024825526185
125500 1.13869008545 0.000951497578666
126000 1.13866899766 2.10877927485e-05
126500 1.13907606623 -0.000407068570448
127000 1.13929022705 -0.000214160816615
127500 1.13998158808 -0.00069136103257
128000 1.14024008155 -0.0002584934687
128500 1.13840026271 0.00183981883887
129000 1.13832346676 7.67959528525e-05
129500 1.14285578461 -0.00453231785441
130000 1.14709258137 -0.0042367967583
130500 1.14379145759 0.00330112377693
131000 1.14117595279 0.00261550480007
131500 1.14155265741 -0.000376704615249
132000 1.14263271439 -0.00108005698501
132500 1.14322996314 -0.000597248749312
133000 1.13738119241 0.0058487707305
133500 1.13964416729 -0.00226297488196
134000 1.14188214933 -0.0022379820327
134500 1.14226953302 -0.000387383690335
135000 1.14187373138 0.000395801641804
135500 1.14083473135 0.00103900002241
136000 1.13991347773 0.000921253623535
136500 1.13995948551 -4.60077789042e-05
137000 1.13726746396 0.0026920215442
137500 1.13524771899 0.00201974497739
138000 1.13074733567 0.00450038331835
138500 1.13219433836 -0.00144700268714
139000 1.13280193069 -0.000607592338154
139500 1.13280889231 -6.96161699287e-06
140000 1.12958625357 0.00322263873538
140500 1.13214470906 -0.00255845548798
141000 1.132243095 -9.83859407273e-05
141500 1.13044889156 0.00179420344722
142000 1.13104699187 -0.000598100310001
142500 1.13091897599 0.000128015875666
143000 1.13316591785 -0.00224694185496
143500 1.13511907426 -0.00195315641501
144000 1.13861312192 -0.00349404765547
144500 1.14109213408 -0.00247901216475
145000 1.13907909341 0.00201304067506
145500 1.14032461641 -0.00124552300389
146000 1.14183839691 -0.0015137805001
146500 1.14280095411 -0.000962557203457
147000 1.14233728078 0.000463673329904
147500 1.14226469535 7.25854331416e-05
148000 1.14272395403 -0.000459258676555
148500 1.14085597462 0.00186797940676
149000 1.14426111183 -0.00340513721486
149500 1.14319142761 0.00106968422064
[[[  0.00000000e+00   0.00000000e+00   0.00000000e+00]
  [  0.00000000e+00   0.00000000e+00   0.00000000e+00]
  [  0.00000000e+00   0.00000000e+00   0.00000000e+00]
  [  0.00000000e+00   0.00000000e+00   0.00000000e+00]
  [  0.00000000e+00   0.00000000e+00   0.00000000e+00]
  [  0.00000000e+00   0.00000000e+00   0.00000000e+00]
  [  0.00000000e+00   0.00000000e+00   0.00000000e+00]]

 [[ -3.23697172e-01  -6.16257456e-01  -1.01237547e+00]
  [ -1.22250166e+00  -2.00022236e+00  -1.98569555e+00]
  [ -1.51403856e+00  -2.01607496e+00  -2.04136190e+00]
  [  8.38070856e+00   1.75096003e+00   8.99907503e+00]
  [  3.12331570e+00  -3.49648670e-03  -5.08725000e-01]
  [  8.88354363e+00   7.45198224e-02   8.99999775e+00]
  [  5.53234528e-01  -1.45544710e-01  -1.26231359e+00]]

 [[ -4.37060126e-01  -7.44394178e-01  -1.75844701e+00]
  [ -2.16472689e+00  -2.00468288e+00  -2.40483017e+00]
  [ -2.12858567e+00  -1.99964010e+00  -2.38376942e+00]
  [  8.98525509e+00   8.07434598e+00   8.99478609e+00]
  [  2.89366855e+00  -4.66756554e-01  -1.01237547e+00]
  [  8.99903611e+00   3.20831271e-01   8.99999875e+00]
  [  3.98128123e-01  -2.52212478e-01  -1.51100202e+00]]

 [[ -3.14168374e-01  -8.61857723e-01  -1.51100202e+00]
  [ -2.02045756e+00  -1.97179043e+00  -2.32738974e+00]
  [ -2.07725419e+00  -1.99996604e+00  -2.35304844e+00]
  [  8.96888719e+00   8.37311741e+00   8.99809297e+00]
  [  2.95776348e+00  -7.69767065e-02  -2.55000000e-01]
  [  8.99966274e+00   2.66647416e-01   8.99998278e+00]
  [  6.77361200e-01  -2.54419576e-01  -2.00465478e+00]]

 [[ -4.41220252e-01  -9.08587687e-01  -1.26231359e+00]
  [ -2.00628899e+00  -1.99934629e+00  -2.35474218e+00]
  [ -2.03577811e+00  -1.99995682e+00  -2.22652610e+00]
  [  8.97808721e+00   8.41832636e+00   8.99773121e+00]
  [  3.04330066e+00  -3.47394137e-01  -5.08725000e-01]
  [  8.99700319e+00   1.18483900e-01   8.99993344e+00]
  [  5.11812986e-01  -1.51072259e-01  -1.01237547e+00]]

 [[ -5.72674491e-01  -1.48517698e+00  -2.24721324e+00]
  [ -2.00982546e+00  -1.99773829e+00  -3.29245019e+00]
  [ -2.01039139e+00  -2.00090608e+00  -2.30781498e+00]
  [  8.98003196e+00   8.82363827e+00   8.98411384e+00]
  [  3.14665504e+00  -5.37612862e-01  -2.55000000e-01]
  [  8.99085472e+00   4.16517490e-02   8.99677760e+00]
  [  4.39529526e-01  -4.73352764e-01  -5.08725000e-01]]]
0.0 0 do
0.0 1 confirm
0.0 2 confirm
0.0 3 goal
0.0 4 do
0.0 5 goal
0.0 -1 do
0.2 0 do
0.2 1 confirm
0.2 2 confirm
0.2 3 goal
0.2 4 do
0.2 5 goal
0.2 -1 do
0.4 0 do
0.4 1 confirm
0.4 2 confirm
0.4 3 goal
0.4 4 do
0.4 5 goal
0.4 -1 do
0.6 0 do
0.6 1 confirm
0.6 2 confirm
0.6 3 goal
0.6 4 do
0.6 5 goal
0.6 -1 do
0.8 0 do
0.8 1 confirm
0.8 2 confirm
0.8 3 goal
0.8 4 do
0.8 5 goal
0.8 -1 do
1.0 0 do
1.0 1 confirm
1.0 2 confirm
1.0 3 goal
1.0 4 do
1.0 5 goal
1.0 -1 do
